For a latin square of size 5 we have 1525 clauses

p cnf 125 1525
1 2 0
1 3 0
1 4 0
1 5 0
1 6 0
1 7 0
1 8 0
1 9 0
6 10 0
6 11 0
6 12 0
6 13 0
1 6 0
6 7 0
6 8 0
6 9 0
7 14 0
7 15 0
7 16 0
7 17 0
1 7 0
6 7 0
7 8 0
7 9 0
8 18 0
8 19 0
8 20 0
8 21 0
1 8 0
6 8 0
7 8 0
8 9 0
9 22 0
9 23 0
9 24 0
9 25 0
1 9 0
6 9 0
7 9 0
8 9 0
1 2 0
2 3 0
2 4 0
2 5 0
2 10 0
2 14 0
2 18 0
2 22 0
6 10 0
10 11 0
10 12 0
10 13 0
2 10 0
10 14 0
10 18 0
10 22 0
7 14 0
14 15 0
14 16 0
14 17 0
2 14 0
10 14 0
14 18 0
14 22 0
8 18 0
18 19 0
18 20 0
18 21 0
2 18 0
10 18 0
14 18 0
18 22 0
9 22 0
22 23 0
22 24 0
22 25 0
2 22 0
10 22 0
14 22 0
18 22 0
1 3 0
2 3 0
3 4 0
3 5 0
3 11 0
3 15 0
3 19 0
3 23 0
6 11 0
10 11 0
11 12 0
11 13 0
3 11 0
11 15 0
11 19 0
11 23 0
7 15 0
14 15 0
15 16 0
15 17 0
3 15 0
11 15 0
15 19 0
15 23 0
8 19 0
18 19 0
19 20 0
19 21 0
3 19 0
11 19 0
15 19 0
19 23 0
9 23 0
22 23 0
23 24 0
23 25 0
3 23 0
11 23 0
15 23 0
19 23 0
1 4 0
2 4 0
3 4 0
4 5 0
4 12 0
4 16 0
4 20 0
4 24 0
6 12 0
10 12 0
11 12 0
12 13 0
4 12 0
12 16 0
12 20 0
12 24 0
7 16 0
14 16 0
15 16 0
16 17 0
4 16 0
12 16 0
16 20 0
16 24 0
8 20 0
18 20 0
19 20 0
20 21 0
4 20 0
12 20 0
16 20 0
20 24 0
9 24 0
22 24 0
23 24 0
24 25 0
4 24 0
12 24 0
16 24 0
20 24 0
1 5 0
2 5 0
3 5 0
4 5 0
5 13 0
5 17 0
5 21 0
5 25 0
6 13 0
10 13 0
11 13 0
12 13 0
5 13 0
13 17 0
13 21 0
13 25 0
7 17 0
14 17 0
15 17 0
16 17 0
5 17 0
13 17 0
17 21 0
17 25 0
8 21 0
18 21 0
19 21 0
20 21 0
5 21 0
13 21 0
17 21 0
21 25 0
9 25 0
22 25 0
23 25 0
24 25 0
5 25 0
13 25 0
17 25 0
21 25 0
26 27 0
26 28 0
26 29 0
26 30 0
26 31 0
26 32 0
26 33 0
26 34 0
31 35 0
31 36 0
31 37 0
31 38 0
26 31 0
31 32 0
31 33 0
31 34 0
32 39 0
32 40 0
32 41 0
32 42 0
26 32 0
31 32 0
32 33 0
32 34 0
33 43 0
44 33 0
33 45 0
33 46 0
26 33 0
31 33 0
32 33 0
33 34 0
34 47 0
34 48 0
34 49 0
34 50 0
26 34 0
31 34 0
32 34 0
33 34 0
26 27 0
27 28 0
27 29 0
27 30 0
27 35 0
27 39 0
27 43 0
27 47 0
31 35 0
35 36 0
35 37 0
35 38 0
27 35 0
35 39 0
35 43 0
35 47 0
32 39 0
39 40 0
39 41 0
39 42 0
27 39 0
35 39 0
39 43 0
39 47 0
33 43 0
43 44 0
43 45 0
43 46 0
27 43 0
35 43 0
39 43 0
43 47 0
34 47 0
47 48 0
47 49 0
47 50 0
27 47 0
35 47 0
39 47 0
43 47 0
26 28 0
27 28 0
28 29 0
28 30 0
28 36 0
28 40 0
28 44 0
28 48 0
31 36 0
35 36 0
36 37 0
36 38 0
28 36 0
36 40 0
36 44 0
36 48 0
32 40 0
39 40 0
40 41 0
40 42 0
28 40 0
36 40 0
40 44 0
40 48 0
33 44 0
43 44 0
44 45 0
44 46 0
28 44 0
36 44 0
40 44 0
44 48 0
34 48 0
47 48 0
48 49 0
48 50 0
28 48 0
36 48 0
40 48 0
44 48 0
26 29 0
27 29 0
28 29 0
29 30 0
29 37 0
29 41 0
29 45 0
29 49 0
31 37 0
35 37 0
36 37 0
37 38 0
29 37 0
37 41 0
37 45 0
37 49 0
32 41 0
39 41 0
40 41 0
41 42 0
29 41 0
37 41 0
41 45 0
41 49 0
33 45 0
43 45 0
44 45 0
45 46 0
29 45 0
37 45 0
41 45 0
45 49 0
34 49 0
47 49 0
48 49 0
49 50 0
29 49 0
37 49 0
41 49 0
45 49 0
26 30 0
27 30 0
28 30 0
29 30 0
30 38 0
30 42 0
30 46 0
30 50 0
31 38 0
35 38 0
36 38 0
37 38 0
30 38 0
38 42 0
38 46 0
38 50 0
32 42 0
39 42 0
40 42 0
41 42 0
30 42 0
38 42 0
42 46 0
42 50 0
33 46 0
43 46 0
44 46 0
45 46 0
30 46 0
38 46 0
42 46 0
46 50 0
34 50 0
47 50 0
48 50 0
49 50 0
30 50 0
38 50 0
42 50 0
46 50 0
51 52 0
51 53 0
51 54 0
51 55 0
51 56 0
51 57 0
51 58 0
51 59 0
56 60 0
56 61 0
56 62 0
56 63 0
51 56 0
56 57 0
56 58 0
56 59 0
57 64 0
57 65 0
57 66 0
57 67 0
51 57 0
56 57 0
57 58 0
57 59 0
58 68 0
58 69 0
58 70 0
58 71 0
51 58 0
56 58 0
57 58 0
58 59 0
59 72 0
59 73 0
59 74 0
59 75 0
51 59 0
56 59 0
57 59 0
58 59 0
51 52 0
52 53 0
52 54 0
52 55 0
52 60 0
52 64 0
52 68 0
52 72 0
56 60 0
60 61 0
60 62 0
60 63 0
52 60 0
60 64 0
60 68 0
60 72 0
57 64 0
64 65 0
64 66 0
64 67 0
52 64 0
60 64 0
64 68 0
64 72 0
58 68 0
69 68 0
68 70 0
68 71 0
52 68 0
60 68 0
64 68 0
72 68 0
59 72 0
72 73 0
72 74 0
72 75 0
52 72 0
60 72 0
64 72 0
68 72 0
51 53 0
52 53 0
53 54 0
53 55 0
53 61 0
53 65 0
53 69 0
53 73 0
56 61 0
60 61 0
61 62 0
61 63 0
53 61 0
61 65 0
61 69 0
61 73 0
57 65 0
64 65 0
65 66 0
65 67 0
53 65 0
61 65 0
65 69 0
65 73 0
58 69 0
68 69 0
69 70 0
69 71 0
53 69 0
61 69 0
65 69 0
69 73 0
59 73 0
72 73 0
73 74 0
73 75 0
53 73 0
61 73 0
65 73 0
69 73 0
51 54 0
52 54 0
53 54 0
54 55 0
54 62 0
54 66 0
54 70 0
54 74 0
56 62 0
60 62 0
61 62 0
62 63 0
54 62 0
62 66 0
62 70 0
62 74 0
57 66 0
64 66 0
65 66 0
66 67 0
54 66 0
62 66 0
66 70 0
66 74 0
58 70 0
68 70 0
69 70 0
70 71 0
54 70 0
62 70 0
66 70 0
70 74 0
59 74 0
72 74 0
73 74 0
74 75 0
54 74 0
62 74 0
66 74 0
70 74 0
51 55 0
52 55 0
53 55 0
54 55 0
55 63 0
55 67 0
55 71 0
55 75 0
56 63 0
60 63 0
61 63 0
62 63 0
55 63 0
63 67 0
63 71 0
63 75 0
57 67 0
64 67 0
65 67 0
66 67 0
55 67 0
63 67 0
67 71 0
67 75 0
58 71 0
68 71 0
69 71 0
70 71 0
55 71 0
63 71 0
67 71 0
71 75 0
59 75 0
72 75 0
73 75 0
74 75 0
55 75 0
63 75 0
67 75 0
71 75 0
76 77 0
76 78 0
76 79 0
76 80 0
76 81 0
76 82 0
76 83 0
76 84 0
81 85 0
81 86 0
81 87 0
81 88 0
76 81 0
81 82 0
81 83 0
81 84 0
89 82 0
82 90 0
82 91 0
82 92 0
76 82 0
81 82 0
82 83 0
82 84 0
83 93 0
83 94 0
83 95 0
83 96 0
76 83 0
81 83 0
82 83 0
83 84 0
84 97 0
84 98 0
84 99 0
84 100 0
76 84 0
81 84 0
82 84 0
83 84 0
76 77 0
77 78 0
77 79 0
77 80 0
77 85 0
77 89 0
77 93 0
77 97 0
81 85 0
85 86 0
85 87 0
85 88 0
77 85 0
85 89 0
85 93 0
85 97 0
82 89 0
89 90 0
89 91 0
89 92 0
77 89 0
85 89 0
89 93 0
89 97 0
83 93 0
93 94 0
93 95 0
93 96 0
77 93 0
85 93 0
89 93 0
93 97 0
84 97 0
97 98 0
97 99 0
97 100 0
77 97 0
85 97 0
89 97 0
93 97 0
76 78 0
77 78 0
78 79 0
78 80 0
78 86 0
78 90 0
78 94 0
78 98 0
81 86 0
85 86 0
86 87 0
86 88 0
78 86 0
86 90 0
86 94 0
86 98 0
82 90 0
89 90 0
90 91 0
90 92 0
78 90 0
86 90 0
90 94 0
90 98 0
83 94 0
93 94 0
94 95 0
94 96 0
78 94 0
86 94 0
90 94 0
94 98 0
84 98 0
97 98 0
98 99 0
98 100 0
78 98 0
86 98 0
90 98 0
94 98 0
76 79 0
77 79 0
78 79 0
79 80 0
79 87 0
79 91 0
79 95 0
79 99 0
81 87 0
85 87 0
86 87 0
87 88 0
79 87 0
87 91 0
87 95 0
87 99 0
82 91 0
89 91 0
90 91 0
91 92 0
79 91 0
87 91 0
91 95 0
91 99 0
83 95 0
93 95 0
94 95 0
95 96 0
79 95 0
87 95 0
91 95 0
95 99 0
84 99 0
97 99 0
98 99 0
99 100 0
79 99 0
87 99 0
91 99 0
95 99 0
76 80 0
77 80 0
78 80 0
79 80 0
80 88 0
80 92 0
80 96 0
80 100 0
81 88 0
85 88 0
86 88 0
87 88 0
80 88 0
88 92 0
88 96 0
88 100 0
82 92 0
89 92 0
90 92 0
91 92 0
80 92 0
88 92 0
92 96 0
92 100 0
83 96 0
93 96 0
94 96 0
95 96 0
80 96 0
88 96 0
92 96 0
96 100 0
84 100 0
97 100 0
98 100 0
99 100 0
80 100 0
88 100 0
92 100 0
96 100 0
101 102 0
101 103 0
101 104 0
101 105 0
101 106 0
101 107 0
101 108 0
101 109 0
106 110 0
106 111 0
106 112 0
106 113 0
101 106 0
106 107 0
106 108 0
106 109 0
107 114 0
107 115 0
107 116 0
107 117 0
101 107 0
106 107 0
107 108 0
107 109 0
108 118 0
108 119 0
108 120 0
108 121 0
101 108 0
106 108 0
107 108 0
108 109 0
109 122 0
109 123 0
109 124 0
109 125 0
101 109 0
106 109 0
107 109 0
108 109 0
101 102 0
102 103 0
102 104 0
102 105 0
102 110 0
102 114 0
102 118 0
102 122 0
106 110 0
110 111 0
110 112 0
110 113 0
102 110 0
110 114 0
110 118 0
110 122 0
107 114 0
114 115 0
114 116 0
114 117 0
102 114 0
110 114 0
114 118 0
114 122 0
108 118 0
118 119 0
118 120 0
118 121 0
102 118 0
110 118 0
114 118 0
118 122 0
109 122 0
122 123 0
122 124 0
122 125 0
102 122 0
110 122 0
114 122 0
118 122 0
101 103 0
102 103 0
103 104 0
103 105 0
103 111 0
103 115 0
103 119 0
103 123 0
106 111 0
110 111 0
111 112 0
111 113 0
103 111 0
111 115 0
111 119 0
111 123 0
107 115 0
114 115 0
115 116 0
115 117 0
103 115 0
111 115 0
115 119 0
115 123 0
108 119 0
118 119 0
119 120 0
119 121 0
103 119 0
111 119 0
115 119 0
119 123 0
109 123 0
122 123 0
123 124 0
123 125 0
103 123 0
111 123 0
115 123 0
119 123 0
101 104 0
102 104 0
103 104 0
104 105 0
104 112 0
104 116 0
104 120 0
104 124 0
106 112 0
110 112 0
111 112 0
112 113 0
104 112 0
112 116 0
112 120 0
112 124 0
107 116 0
114 116 0
115 116 0
116 117 0
104 116 0
112 116 0
116 120 0
116 124 0
108 120 0
118 120 0
119 120 0
120 121 0
104 120 0
112 120 0
116 120 0
120 124 0
109 124 0
122 124 0
123 124 0
124 125 0
104 124 0
112 124 0
116 124 0
120 124 0
101 105 0
102 105 0
103 105 0
104 105 0
105 113 0
105 117 0
105 121 0
105 125 0
106 113 0
110 113 0
111 113 0
112 113 0
105 113 0
113 117 0
113 121 0
113 125 0
107 117 0
114 117 0
115 117 0
116 117 0
105 117 0
113 117 0
117 121 0
117 125 0
108 121 0
118 121 0
119 121 0
120 121 0
105 121 0
113 121 0
117 121 0
121 125 0
109 125 0
122 125 0
123 125 0
124 125 0
105 125 0
113 125 0
117 125 0
121 125 0
-6 -8 -1 -7 -9 0
-33 -31 -26 -32 -34 0
-59 -58 -51 -57 -56 0
-82 -81 -76 -83 -84 0
-101 -106 -107 -108 -109 0
-22 -14 -10 -2 -18 0
-39 -47 -35 -27 -43 0
-68 -72 -60 -52 -64 0
-77 -89 -85 -93 -97 0
-102 -110 -114 -118 -122 0
-19 -23 -15 -11 -3 0
-48 -44 -40 -36 -28 0
-53 -69 -65 -61 -73 0
-78 -86 -90 -94 -98 0
-115 -111 -103 -119 -123 0
-16 -4 -12 -20 -24 0
-29 -41 -37 -45 -49 0
-54 -62 -66 -70 -74 0
-99 -87 -91 -95 -79 0
-120 -112 -116 -104 -124 0
-5 -13 -17 -21 -25 0
-30 -38 -42 -46 -50 0
-67 -63 -55 -71 -75 0
-96 -88 -92 -80 -100 0
-125 -113 -117 -121 -105 0
1 26 0
1 51 0
1 76 0
1 101 0
6 31 0
6 56 0
6 81 0
6 106 0
7 32 0
7 57 0
7 82 0
7 107 0
8 33 0
8 58 0
8 83 0
8 108 0
9 34 0
9 59 0
9 84 0
9 109 0
2 27 0
2 52 0
2 77 0
2 102 0
10 35 0
10 60 0
10 85 0
10 110 0
14 39 0
14 64 0
14 89 0
14 114 0
18 43 0
18 68 0
18 93 0
18 118 0
22 47 0
22 72 0
22 97 0
22 122 0
3 28 0
3 53 0
3 78 0
3 103 0
11 36 0
11 61 0
11 86 0
11 111 0
15 40 0
15 65 0
15 90 0
15 115 0
19 44 0
19 69 0
19 94 0
19 119 0
23 48 0
23 73 0
23 98 0
23 123 0
4 29 0
4 54 0
4 79 0
4 104 0
12 37 0
12 62 0
12 87 0
12 112 0
41 16 0
16 66 0
16 91 0
16 116 0
20 45 0
20 70 0
20 95 0
20 120 0
24 49 0
24 74 0
24 99 0
24 124 0
5 30 0
5 55 0
5 80 0
5 105 0
13 38 0
13 63 0
13 88 0
13 113 0
17 42 0
17 67 0
17 92 0
17 117 0
21 46 0
21 71 0
21 96 0
21 121 0
25 50 0
25 75 0
25 100 0
25 125 0
1 26 0
26 51 0
26 76 0
26 101 0
6 31 0
31 56 0
31 81 0
31 106 0
7 32 0
32 57 0
32 82 0
32 107 0
8 33 0
33 58 0
33 83 0
33 108 0
9 34 0
34 59 0
34 84 0
34 109 0
2 27 0
27 52 0
27 77 0
27 102 0
10 35 0
35 60 0
35 85 0
35 110 0
14 39 0
39 64 0
39 89 0
39 114 0
18 43 0
43 68 0
43 93 0
43 118 0
22 47 0
47 72 0
47 97 0
47 122 0
3 28 0
28 53 0
28 78 0
28 103 0
11 36 0
36 61 0
36 86 0
36 111 0
15 40 0
40 65 0
40 90 0
40 115 0
19 44 0
44 69 0
44 94 0
44 119 0
23 48 0
48 73 0
48 98 0
48 123 0
4 29 0
29 54 0
29 79 0
29 104 0
12 37 0
37 62 0
37 87 0
37 112 0
16 41 0
41 66 0
41 91 0
41 116 0
20 45 0
45 70 0
45 95 0
45 120 0
24 49 0
49 74 0
49 99 0
49 124 0
5 30 0
30 55 0
30 80 0
30 105 0
13 38 0
38 63 0
38 88 0
38 113 0
17 42 0
42 67 0
42 92 0
42 117 0
21 46 0
46 71 0
46 96 0
46 121 0
25 50 0
50 75 0
50 100 0
50 125 0
1 51 0
26 51 0
51 76 0
51 101 0
6 56 0
31 56 0
56 81 0
56 106 0
7 57 0
32 57 0
57 82 0
57 107 0
8 58 0
33 58 0
58 83 0
58 108 0
9 59 0
34 59 0
59 84 0
59 109 0
2 52 0
27 52 0
52 77 0
52 102 0
10 60 0
35 60 0
60 85 0
60 110 0
14 64 0
39 64 0
64 89 0
64 114 0
18 68 0
43 68 0
68 93 0
68 118 0
22 72 0
47 72 0
72 97 0
72 122 0
3 53 0
28 53 0
53 78 0
53 103 0
11 61 0
36 61 0
61 86 0
61 111 0
15 65 0
40 65 0
65 90 0
65 115 0
19 69 0
44 69 0
69 94 0
69 119 0
23 73 0
48 73 0
73 98 0
73 123 0
4 54 0
29 54 0
54 79 0
54 104 0
12 62 0
37 62 0
62 87 0
62 112 0
16 66 0
41 66 0
66 91 0
66 116 0
20 70 0
45 70 0
70 95 0
70 120 0
24 74 0
49 74 0
74 99 0
74 124 0
5 55 0
30 55 0
55 80 0
55 105 0
13 63 0
38 63 0
63 88 0
63 113 0
17 67 0
42 67 0
67 92 0
67 117 0
21 71 0
46 71 0
71 96 0
71 121 0
25 75 0
50 75 0
75 100 0
75 125 0
1 76 0
26 76 0
51 76 0
76 101 0
6 81 0
31 81 0
56 81 0
81 106 0
7 82 0
32 82 0
57 82 0
82 107 0
8 83 0
33 83 0
58 83 0
83 108 0
9 84 0
34 84 0
59 84 0
84 109 0
2 77 0
27 77 0
52 77 0
77 102 0
10 85 0
35 85 0
60 85 0
85 110 0
14 89 0
39 89 0
64 89 0
89 114 0
18 93 0
43 93 0
68 93 0
93 118 0
22 97 0
47 97 0
72 97 0
97 122 0
3 78 0
28 78 0
53 78 0
78 103 0
11 86 0
36 86 0
61 86 0
86 111 0
15 90 0
40 90 0
65 90 0
90 115 0
19 94 0
44 94 0
69 94 0
94 119 0
23 98 0
48 98 0
73 98 0
98 123 0
4 79 0
29 79 0
54 79 0
79 104 0
12 87 0
37 87 0
62 87 0
87 112 0
16 91 0
41 91 0
66 91 0
91 116 0
20 95 0
45 95 0
70 95 0
95 120 0
24 99 0
49 99 0
74 99 0
99 124 0
5 80 0
30 80 0
55 80 0
80 105 0
13 88 0
38 88 0
63 88 0
88 113 0
17 92 0
42 92 0
67 92 0
92 117 0
21 96 0
46 96 0
71 96 0
96 121 0
25 100 0
50 100 0
75 100 0
100 125 0
1 101 0
26 101 0
51 101 0
76 101 0
6 106 0
31 106 0
56 106 0
81 106 0
7 107 0
32 107 0
57 107 0
82 107 0
8 108 0
33 108 0
58 108 0
83 108 0
9 109 0
34 109 0
59 109 0
84 109 0
2 102 0
27 102 0
52 102 0
77 102 0
10 110 0
35 110 0
60 110 0
85 110 0
14 114 0
39 114 0
64 114 0
89 114 0
18 118 0
43 118 0
68 118 0
93 118 0
22 122 0
47 122 0
72 122 0
97 122 0
3 103 0
28 103 0
53 103 0
78 103 0
11 111 0
36 111 0
61 111 0
86 111 0
15 115 0
40 115 0
65 115 0
90 115 0
19 119 0
44 119 0
69 119 0
94 119 0
23 123 0
48 123 0
73 123 0
98 123 0
4 104 0
29 104 0
54 104 0
79 104 0
12 112 0
37 112 0
62 112 0
87 112 0
16 116 0
41 116 0
66 116 0
91 116 0
20 120 0
45 120 0
70 120 0
95 120 0
24 124 0
49 124 0
74 124 0
99 124 0
5 105 0
30 105 0
55 105 0
80 105 0
13 113 0
38 113 0
63 113 0
88 113 0
17 117 0
42 117 0
67 117 0
92 117 0
21 121 0
46 121 0
71 121 0
96 121 0
25 125 0
50 125 0
75 125 0
100 125 0